30 16
{ 0,8,9,10,11,12 : 0.666666666666667 ; 0,8,9,10,11,12,13,14,15 : 0.8 ; 0,8,9,10,11,12,13,14,15 : 1.06666666666667 ; 0,1,2,3,4,5,8,9,10,11,12,13,14,15 : 1.33333333333333 ; 0,1,2,3,4,5,8,9,10,11,12,13,14,15 : 1.33333333333333 ; 0,1,2,3,4,5,6,7,8,9,10,11,12,13,14,15 : 2.66666666666667 ; 0,1,2,3,4,5,6,7,8,9,10,11,12,13,14,15 : 3.2 ; 0,8 : 0.133333333333333 ; 0,8 : 0.166666666666667 ; 0,8,9,10 : 0.333333333333333 ; 0,8,9,10 : 0.333333333333333 ; 0,8,9,10,11,12 : 0.533333333333333 ; 0,8,9,10,11,12 : 0.533333333333333 ; 0,8,9,10,11,12 : 0.666666666666667 }
{ 0,1,2,8,9,10,11,12,13,14,15 : 0.933333333333333 ; 0,1,2,8,9,10,11,12,13,14,15 : 1.06666666666667 ; 0,1,2,8,9,10,11,12,13,14,15 : 1.33333333333333 ; 0,1,2,8,9,10,11,12,13,14,15 : 1.33333333333333 ; 0,1,2,8,9,10,11,12,13,14,15 : 1.33333333333333 ; 0,1,2,3,4,5,6,8,9,10,11,12,13,14,15 : 2.66666666666667 ; 0,1,2,3,4,5,6,7,8,9,10,11,12,13,14,15 : 3.2 ; 0,8,9,10 : 0.166666666666667 ; 0,8,9,10 : 0.2 ; 0,8,9,10,11,12 : 0.266666666666667 ; 0,8,9,10,11,12 : 0.333333333333333 ; 0,8,9,10,11,12 : 0.333333333333333 ; 0,8,9,10,11,12 : 0.4 ; 0,8,9,10,11,12 : 0.4 ; 0,8,9,10,11,12 : 0.4 }
{ 0,8,9,10,11,12,13,14,15 : 1.06666666666667 ; 0,1,2,3,4,5,8,9,10,11,12,13,14,15 : 1.6 ; 0,1,2,3,4,5,8,9,10,11,12,13,14,15 : 1.6 ; 0,1,2,3,4,5,6,7,8,9,10,11,12,13,14,15 : 3.2 ; 0,1,2,3,4,5,6,7,8,9,10,11,12,13,14,15 : 3.2 ; 0,1,2,3,4,5,6,7,8,9,10,11,12,13,14,15 : 3.2 ; 0,1,2,3,4,5,6,7,8,9,10,11,12,13,14,15 : 3.2 ; 0,8,9,10 : 0.166666666666667 ; 0,8,9,10,11,12 : 0.266666666666667 ; 0,8,9,10,11,12 : 0.333333333333333 ; 0,8,9,10,11,12 : 0.4 ; 0,8,9,10,11,12 : 0.4 ; 0,8,9,10,11,12 : 0.666666666666667 ; 0,8,9,10,11,12,13,14,15 : 1.06666666666667 }
{ 0,8,9,10,11,12,13,14,15 : 1.6 ; 0,1,2,8,9,10,11,12,13,14,15 : 1.86666666666667 ; 0,1,2,8,9,10,11,12,13,14,15 : 1.86666666666667 ; 0,1,2,8,9,10,11,12,13,14,15 : 1.86666666666667 ; 0,1,2,3,4,5,6,8,9,10,11,12,13,14,15 : 2.66666666666667 ; 0,1,2,3,4,5,6,7,8,9,10,11,12,13,14,15 : 3.2 ; 0,1,2,3,4,5,6,7,8,9,10,11,12,13,14,15 : 3.2 ; 0,8 : 0.133333333333333 ; 0,8 : 0.133333333333333 ; 0,8,9,10,11,12 : 0.333333333333333 ; 0,8,9,10,11,12 : 0.333333333333333 ; 0,8,9,10,11,12 : 0.533333333333333 ; 0,8,9,10,11,12 : 0.8 ; 0,8,9,10,11,12 : 0.8 ; 0,8,9,10,11,12,13,14 : 0.933333333333333 }
{ 0,1,2,8,9,10,11,12,13,14,15 : 1.06666666666667 ; 0,1,2,8,9,10,11,12,13,14,15 : 1.33333333333333 ; 0,1,2,3,4,5,8,9,10,11,12,13,14,15 : 1.6 ; 0,1,2,3,4,5,8,9,10,11,12,13,14,15 : 1.6 ; 0,1,2,3,4,5,8,9,10,11,12,13,14,15 : 2.13333333333333 ; 0,1,2,3,4,5,8,9,10,11,12,13,14,15 : 2.13333333333333 ; 0,1,2,3,4,5,6,7,8,9,10,11,12,13,14,15 : 3.2 ; 0,8 : 0.133333333333333 ; 0,8 : 0.133333333333333 ; 0,8 : 0.133333333333333 ; 0,8,9,10 : 0.2 ; 0,8,9,10,11,12 : 0.266666666666667 ; 0,8,9,10,11,12 : 0.4 ; 0,8,9,10,11,12 : 0.4 ; 0,8,9,10,11,12,13,14,15 : 0.8 }
{ 0,1,2,3,4,5,8,9,10,11,12,13,14,15 : 1.33333333333333 ; 0,1,2,3,4,5,8,9,10,11,12,13,14,15 : 1.33333333333333 ; 0,1,2,3,4,5,8,9,10,11,12,13,14,15 : 1.86666666666667 ; 0,1,2,3,4,5,6,7,8,9,10,11,12,13,14,15 : 2.66666666666667 ; 0,1,2,3,4,5,6,7,8,9,10,11,12,13,14,15 : 3.2 ; 0,1,2,3,4,5,6,7,8,9,10,11,12,13,14,15 : 3.2 ; 0,1,2,3,4,5,6,7,8,9,10,11,12,13,14,15 : 3.2 ; 0,8 : 0.133333333333333 ; 0,8 : 0.133333333333333 ; 0,8,9,10,11 : 0.233333333333333 ; 0,8,9,10,11 : 0.233333333333333 ; 0,8,9,10,11,12 : 0.533333333333333 ; 0,8,9,10,11,12,13,14,15 : 0.666666666666667 ; 0,1,2,8,9,10,11,12,13,14,15 : 0.933333333333333 ; 0,1,2,3,4,5,8,9,10,11,12,13,14,15 : 1.33333333333333 }
{ 0,8,9,10,11,12 : 0.933333333333333 ; 0,8,9,10,11,12,13,14,15 : 1.06666666666667 ; 0,8,9,10,11,12,13,14,15 : 1.33333333333333 ; 0,1,2,3,4,5,8,9,10,11,12,13,14,15 : 2.66666666666667 ; 0,1,2,3,4,5,8,9,10,11,12,13,14,15 : 2.66666666666667 ; 0,1,2,3,4,5,6,7,8,9,10,11,12,13,14,15 : 3.2 ; 0,1,2,3,4,5,6,7,8,9,10,11,12,13,14,15 : 3.2 ; 0,8,9,10 : 0.166666666666667 ; 0,8,9,10 : 0.166666666666667 ; 0,8,9,10 : 0.333333333333333 ; 0,8,9,10,11,12 : 0.533333333333333 ; 0,8,9,10,11,12 : 0.533333333333333 ; 0,8,9,10,11,12 : 0.666666666666667 ; 0,8,9,10,11,12 : 0.666666666666667 ; 0,8,9,10,11,12 : 0.933333333333333 }
{ 0,8,9,10,11,12 : 1.2 ; 0,1,2,3,4,5,8,9,10,11,12,13,14,15 : 1.6 ; 0,1,2,3,4,5,8,9,10,11,12,13,14,15 : 2.13333333333333 ; 0,1,2,3,4,5,8,9,10,11,12,13,14,15 : 2.13333333333333 ; 0,1,2,3,4,5,6,7,8,9,10,11,12,13,14,15 : 3.2 ; 0,1,2,3,4,5,6,7,8,9,10,11,12,13,14,15 : 3.2 ; 0,1,2,3,4,5,6,7,8,9,10,11,12,13,14,15 : 3.2 ; 0,8 : 0.166666666666667 ; 0,8,9,10 : 0.266666666666667 ; 0,8,9,10,11,12 : 0.466666666666667 ; 0,8,9,10,11,12 : 0.533333333333333 ; 0,8,9,10,11,12 : 0.8 ; 0,8,9,10,11,12 : 0.8 ; 0,8,9,10,11,12 : 0.933333333333333 }
{ 0,8,9,10,11,12,13,14 : 0.933333333333333 ; 0,8,9,10,11,12,13,14,15 : 1.06666666666667 ; 0,8,9,10,11,12,13,14,15 : 1.06666666666667 ; 0,1,2,8,9,10,11,12,13,14,15 : 1.33333333333333 ; 0,1,2,3,4,5,8,9,10,11,12,13,14,15 : 2.13333333333333 ; 0,1,2,3,4,5,6,8,9,10,11,12,13,14,15 : 2.66666666666667 ; 0,1,2,3,4,5,6,7,8,9,10,11,12,13,14,15 : 3.2 ; 0,8 : 0.233333333333333 ; 0,8,9,10 : 0.266666666666667 ; 0,8,9,10,11,12 : 0.333333333333333 ; 0,8,9,10,11,12 : 0.466666666666667 ; 0,8,9,10,11,12 : 0.733333333333333 ; 0,8,9,10,11,12,13 : 0.866666666666667 }
{ 0,8,9,10,11,12,13,14 : 0.933333333333333 ; 0,1,2,8,9,10,11,12,13,14,15 : 1.33333333333333 ; 0,1,2,3,4,5,8,9,10,11,12,13,14,15 : 1.6 ; 0,1,2,3,4,5,6,8,9,10,11,12,13,14,15 : 2.13333333333333 ; 0,1,2,3,4,5,6,7,8,9,10,11,12,13,14,15 : 3.2 ; 0,1,2,3,4,5,6,7,8,9,10,11,12,13,14,15 : 3.2 ; 0,1,2,3,4,5,6,7,8,9,10,11,12,13,14,15 : 3.2 ; 0,8,9,10 : 0.166666666666667 ; 0,8,9,10 : 0.166666666666667 ; 0,8,9,10 : 0.266666666666667 ; 0,8,9,10,11,12,13,14 : 0.533333333333333 ; 0,8,9,10,11,12,13,14 : 0.533333333333333 ; 0,8,9,10,11,12,13,14 : 0.8 }
{ 0,8,9,10,11,12 : 0.8 ; 0,8,9,10,11,12,13,14,15 : 0.933333333333333 ; 0,8,9,10,11,12,13,14,15 : 1.33333333333333 ; 0,1,2,3,4,5,8,9,10,11,12,13,14,15 : 2.13333333333333 ; 0,1,2,3,4,5,8,9,10,11,12,13,14,15 : 2.13333333333333 ; 0,1,2,3,4,5,6,7,8,9,10,11,12,13,14,15 : 3.2 ; 0,1,2,3,4,5,6,7,8,9,10,11,12,13,14,15 : 3.2 ; 0,8,9,10 : 0.2 ; 0,8,9,10 : 0.4 ; 0,8,9,10,11,12 : 0.466666666666667 ; 0,8,9,10,11,12 : 0.8 }
{ 0,1,2,8,9,10,11,12,13,14,15 : 1.06666666666667 ; 0,1,2,8,9,10,11,12,13,14,15 : 1.06666666666667 ; 0,1,2,3,4,5,8,9,10,11,12,13,14,15 : 1.33333333333333 ; 0,1,2,3,4,5,8,9,10,11,12,13,14,15 : 1.6 ; 0,1,2,3,4,5,8,9,10,11,12,13,14,15 : 1.6 ; 0,1,2,3,4,5,6,7,8,9,10,11,12,13,14,15 : 2.66666666666667 ; 0,1,2,3,4,5,6,7,8,9,10,11,12,13,14,15 : 3.2 ; 0,8 : 0.233333333333333 ; 0,8,9,10,11,12 : 0.333333333333333 ; 0,8,9,10,11,12 : 0.466666666666667 ; 0,8,9,10,11,12,13,14 : 0.666666666666667 ; 0,8,9,10,11,12,13,14 : 0.933333333333333 }
{ 0,8,9,10,11,12,13,14,15 : 1.06666666666667 ; 0,8,9,10,11,12,13,14,15 : 1.06666666666667 ; 0,8,9,10,11,12,13,14,15 : 1.6 ; 0,8,9,10,11,12,13,14,15 : 1.86666666666667 ; 0,1,2,3,4,5,8,9,10,11,12,13,14,15 : 2.13333333333333 ; 0,1,2,3,4,5,8,9,10,11,12,13,14,15 : 2.66666666666667 ; 0,1,2,3,4,5,6,7,8,9,10,11,12,13,14,15 : 3.2 ; 0,8,9,10 : 0.266666666666667 ; 0,8,9,10 : 0.266666666666667 ; 0,8,9,10 : 0.4 ; 0,8,9,10,11,12 : 0.466666666666667 ; 0,8,9,10,11,12 : 0.8 }
{ 0,8,9,10,11,12 : 0.933333333333333 ; 0,1,2,3,4,5,8,9,10,11,12,13,14,15 : 1.6 ; 0,1,2,3,4,5,8,9,10,11,12,13,14,15 : 1.6 ; 0,1,2,3,4,5,6,8,9,10,11,12,13,14,15 : 2.13333333333333 ; 0,1,2,3,4,5,6,7,8,9,10,11,12,13,14,15 : 2.66666666666667 ; 0,1,2,3,4,5,6,7,8,9,10,11,12,13,14,15 : 3.2 ; 0,1,2,3,4,5,6,7,8,9,10,11,12,13,14,15 : 3.2 ; 0,8,9,10 : 0.4 ; 0,8,9,10 : 0.466666666666667 ; 0,8,9,10 : 0.6 ; 0,8,9,10,11,12 : 0.666666666666667 ; 0,8,9,10,11,12 : 0.666666666666667 ; 0,8,9,10,11,12 : 0.933333333333333 }
{ 0,8 : 0.133333333333333 ; 0,1,2,8,9,10,11,12,13,14,15 : 1.33333333333333 ; 0,1,2,8,9,10,11,12,13,14,15 : 1.33333333333333 ; 0,1,2,3,4,5,6,8,9,10,11,12,13,14,15 : 2.13333333333333 ; 0,1,2,3,4,5,6,8,9,10,11,12,13,14,15 : 2.13333333333333 ; 0,1,2,3,4,5,6,8,9,10,11,12,13,14,15 : 2.66666666666667 ; 0,1,2,3,4,5,6,7,8,9,10,11,12,13,14,15 : 3.2 ; 0,1,2,3,4,5,6,7,8,9,10,11,12,13,14,15 : 3.2 ; 0,8,9,10 : 0.166666666666667 ; 0,8,9,10 : 0.2 ; 0,8,9,10 : 0.2 ; 0,8,9,10 : 0.266666666666667 ; 0,8,9,10,11,12 : 0.4 ; 0,8,9,10,11,12 : 0.533333333333333 ; 0,8,9,10,11,12 : 0.666666666666667 ; 0,8,9,10,11,12,13,14,15 : 1.06666666666667 }
{ 0,8,9,10,11,12,13,14,15 : 0.666666666666667 ; 0,8,9,10,11,12,13,14,15 : 0.8 ; 0,1,2,3,4,5,8,9,10,11,12,13,14,15 : 1.33333333333333 ; 0,1,2,3,4,5,8,9,10,11,12,13,14,15 : 1.33333333333333 ; 0,1,2,3,4,5,8,9,10,11,12,13,14,15 : 1.86666666666667 ; 0,1,2,3,4,5,8,9,10,11,12,13,14,15 : 1.86666666666667 ; 0,1,2,3,4,5,8,9,10,11,12,13,14,15 : 1.86666666666667 ; 0,8,9,10 : 0.166666666666667 ; 0,8,9,10 : 0.166666666666667 ; 0,8,9,10 : 0.233333333333333 ; 0,8,9,10 : 0.233333333333333 ; 0,8,9,10 : 0.266666666666667 ; 0,8,9,10,11,12 : 0.333333333333333 ; 0,8,9,10,11,12 : 0.333333333333333 ; 0,8,9,10,11,12,13,14 : 0.533333333333333 }
{ 0,1,2,3,4,8,9,10,11,12,13,14,15 : 1.2 ; 0,1,2,3,4,8,9,10,11,12,13,14,15 : 1.2 ; 0,1,2,3,4,5,8,9,10,11,12,13,14,15 : 1.86666666666667 ; 0,1,2,3,4,5,8,9,10,11,12,13,14,15 : 1.86666666666667 ; 0,1,2,3,4,5,8,9,10,11,12,13,14,15 : 2.4 ; 0,1,2,3,4,5,8,9,10,11,12,13,14,15 : 2.4 ; 0,1,2,3,4,5,6,7,8,9,10,11,12,13,14,15 : 3.2 ; 0,8,9,10,11 : 0.233333333333333 ; 0,8,9,10,11 : 0.233333333333333 ; 0,8,9,10,11 : 0.3 ; 0,8,9,10,11,12,13,14 : 0.466666666666667 ; 0,8,9,10,11,12,13,14 : 0.466666666666667 ; 0,8,9,10,11,12,13,14,15 : 0.666666666666667 }
{ 0,8,9,10,11,12,13,14,15 : 0.8 ; 0,8,9,10,11,12,13,14,15 : 0.8 ; 0,8,9,10,11,12,13,14,15 : 1.06666666666667 ; 0,1,2,3,4,5,8,9,10,11,12,13,14,15 : 1.33333333333333 ; 0,1,2,3,4,5,8,9,10,11,12,13,14,15 : 1.6 ; 0,1,2,3,4,5,6,7,8,9,10,11,12,13,14,15 : 2.66666666666667 ; 0,1,2,3,4,5,6,7,8,9,10,11,12,13,14,15 : 3.2 ; 0,8,9,10 : 0.166666666666667 ; 0,8,9,10 : 0.166666666666667 ; 0,8,9,10,11,12 : 0.333333333333333 ; 0,8,9,10,11,12 : 0.333333333333333 ; 0,8,9,10,11,12 : 0.466666666666667 ; 0,8,9,10,11,12 : 0.533333333333333 ; 0,8,9,10,11,12,13,14,15 : 0.666666666666667 }
{ 0,8,9,10,11,12,13,14,15 : 1.06666666666667 ; 0,1,2,3,4,5,8,9,10,11,12,13,14,15 : 2.13333333333333 ; 0,1,2,3,4,5,8,9,10,11,12,13,14,15 : 2.13333333333333 ; 0,1,2,3,4,5,8,9,10,11,12,13,14,15 : 2.13333333333333 ; 0,1,2,3,4,5,6,7,8,9,10,11,12,13,14,15 : 3.2 ; 0,1,2,3,4,5,6,7,8,9,10,11,12,13,14,15 : 3.2 ; 0,1,2,3,4,5,6,7,8,9,10,11,12,13,14,15 : 3.2 ; 0,8,9,10 : 0.266666666666667 ; 0,8,9,10 : 0.266666666666667 ; 0,8,9,10,11,12 : 0.533333333333333 ; 0,8,9,10,11,12 : 0.533333333333333 ; 0,8,9,10,11,12,13,14,15 : 0.666666666666667 ; 0,8,9,10,11,12,13,14,15 : 0.933333333333333 }
{ 0,8,9,10,11,12,13,14 : 0.533333333333333 ; 0,8,9,10,11,12,13,14 : 0.533333333333333 ; 0,1,2,8,9,10,11,12,13,14,15 : 1.06666666666667 ; 0,1,2,8,9,10,11,12,13,14,15 : 1.06666666666667 ; 0,1,2,3,4,5,8,9,10,11,12,13,14,15 : 1.6 ; 0,1,2,3,4,5,6,8,9,10,11,12,13,14,15 : 2.13333333333333 ; 0,1,2,3,4,5,6,7,8,9,10,11,12,13,14,15 : 3.2 ; 0,8,9,10 : 0.2 ; 0,8,9,10 : 0.266666666666667 ; 0,8,9,10 : 0.266666666666667 ; 0,8,9,10,11,12 : 0.4 ; 0,8,9,10,11,12,13,14 : 0.533333333333333 }
{ 0,8,9,10,11,12 : 0.666666666666667 ; 0,1,2,3,4,5,8,9,10,11,12,13,14,15 : 1.33333333333333 ; 0,1,2,3,4,5,8,9,10,11,12,13,14,15 : 1.33333333333333 ; 0,1,2,3,4,5,8,9,10,11,12,13,14,15 : 1.86666666666667 ; 0,1,2,3,4,5,6,8,9,10,11,12,13,14,15 : 2.13333333333333 ; 0,1,2,3,4,5,6,7,8,9,10,11,12,13,14,15 : 2.66666666666667 ; 0,1,2,3,4,5,6,7,8,9,10,11,12,13,14,15 : 3.2 ; 0,8,9,10 : 0.2 ; 0,8,9,10 : 0.2 ; 0,8,9,10 : 0.266666666666667 ; 0,8,9,10,11,12 : 0.333333333333333 ; 0,8,9,10,11,12 : 0.4 }
{ 0,8,9,10,11,12 : 0.8 ; 0,8,9,10,11,12,13,14 : 0.933333333333333 ; 0,8,9,10,11,12,13,14 : 1.46666666666667 ; 0,1,2,8,9,10,11,12,13,14,15 : 1.86666666666667 ; 0,1,2,3,4,5,8,9,10,11,12,13,14,15 : 2.13333333333333 ; 0,1,2,3,4,5,6,8,9,10,11,12,13,14,15 : 2.66666666666667 ; 0,1,2,3,4,5,6,7,8,9,10,11,12,13,14,15 : 3.2 ; 0,8,9,10 : 0.2 ; 0,8,9,10 : 0.2 ; 0,8,9,10 : 0.266666666666667 ; 0,8,9,10,11,12 : 0.466666666666667 ; 0,8,9,10,11,12 : 0.466666666666667 ; 0,8,9,10,11,12 : 0.466666666666667 }
{ 0,8,9,10,11,12 : 1.2 ; 0,8,9,10,11,12,13,14,15 : 1.33333333333333 ; 0,8,9,10,11,12,13,14,15 : 1.33333333333333 ; 0,8,9,10,11,12,13,14,15 : 1.86666666666667 ; 0,1,2,3,4,5,8,9,10,11,12,13,14,15 : 2.66666666666667 ; 0,1,2,3,4,5,6,7,8,9,10,11,12,13,14,15 : 3.2 ; 0,1,2,3,4,5,6,7,8,9,10,11,12,13,14,15 : 3.2 ; 0,8,9,10 : 0.333333333333333 ; 0,8,9,10,11,12 : 0.666666666666667 ; 0,8,9,10,11,12 : 0.666666666666667 }
{ 0,8,9,10,11,12,13,14,15 : 1.06666666666667 ; 0,1,2,3,4,5,8,9,10,11,12,13,14,15 : 1.86666666666667 ; 0,1,2,3,4,5,8,9,10,11,12,13,14,15 : 2.13333333333333 ; 0,1,2,3,4,5,8,9,10,11,12,13,14,15 : 2.66666666666667 ; 0,1,2,3,4,5,6,7,8,9,10,11,12,13,14,15 : 3.2 ; 0,1,2,3,4,5,6,7,8,9,10,11,12,13,14,15 : 3.2 ; 0,1,2,3,4,5,6,7,8,9,10,11,12,13,14,15 : 3.2 ; 0,8,9,10 : 0.2 ; 0,8,9,10 : 0.266666666666667 ; 0,8,9,10 : 0.333333333333333 ; 0,8,9,10,11,12 : 0.4 ; 0,8,9,10,11,12 : 0.4 ; 0,8,9,10,11,12,13,14,15 : 0.8 }
{ 0,8,9,10,11,12,13,14,15 : 1.06666666666667 ; 0,8,9,10,11,12,13,14,15 : 1.06666666666667 ; 0,1,2,3,4,5,8,9,10,11,12,13,14,15 : 1.86666666666667 ; 0,1,2,3,4,5,8,9,10,11,12,13,14,15 : 2.66666666666667 ; 0,1,2,3,4,5,8,9,10,11,12,13,14,15 : 2.66666666666667 ; 0,1,2,3,4,5,6,7,8,9,10,11,12,13,14,15 : 3.2 ; 0,1,2,3,4,5,6,7,8,9,10,11,12,13,14,15 : 3.2 ; 0,8,9,10 : 0.166666666666667 ; 0,8,9,10 : 0.166666666666667 ; 0,8,9,10,11,12 : 0.333333333333333 ; 0,8,9,10,11,12 : 0.333333333333333 ; 0,8,9,10,11,12,13,14 : 0.533333333333333 ; 0,8,9,10,11,12,13,14,15 : 0.666666666666667 ; 0,8,9,10,11,12,13,14,15 : 0.666666666666667 }
{ 0,8,9,10,11,12,13,14 : 0.933333333333333 ; 0,8,9,10,11,12,13,14 : 1.2 ; 0,1,2,8,9,10,11,12,13,14,15 : 1.86666666666667 ; 0,1,2,3,4,5,6,8,9,10,11,12,13,14,15 : 2.13333333333333 ; 0,1,2,3,4,5,6,8,9,10,11,12,13,14,15 : 2.66666666666667 ; 0,1,2,3,4,5,6,7,8,9,10,11,12,13,14,15 : 3.2 ; 0,1,2,3,4,5,6,7,8,9,10,11,12,13,14,15 : 3.2 ; 0,8 : 0.166666666666667 ; 0,8,9,10 : 0.266666666666667 ; 0,8,9,10,11,12 : 0.333333333333333 ; 0,8,9,10,11,12,13 : 0.466666666666667 ; 0,8,9,10,11,12,13 : 0.466666666666667 ; 0,8,9,10,11,12,13 : 0.733333333333333 }
{ 0,8 : 0.133333333333333 ; 0,8,9,10,11,12,13,14,15 : 1.06666666666667 ; 0,8,9,10,11,12,13,14,15 : 1.06666666666667 ; 0,8,9,10,11,12,13,14,15 : 1.6 ; 0,1,2,3,4,5,8,9,10,11,12,13,14,15 : 2.13333333333333 ; 0,1,2,3,4,5,8,9,10,11,12,13,14,15 : 2.66666666666667 ; 0,1,2,3,4,5,8,9,10,11,12,13,14,15 : 2.66666666666667 ; 0,1,2,3,4,5,6,7,8,9,10,11,12,13,14,15 : 3.2 ; 0,8 : 0.133333333333333 ; 0,8,9,10 : 0.166666666666667 ; 0,8,9,10 : 0.2 ; 0,8,9,10 : 0.266666666666667 ; 0,8,9,10 : 0.4 ; 0,8,9,10,11,12 : 0.466666666666667 ; 0,8,9,10,11,12,13,14,15 : 0.666666666666667 ; 0,8,9,10,11,12,13,14,15 : 0.8 }
{ 0,8,9,10,11,12,13,14 : 0.666666666666667 ; 0,8,9,10,11,12,13,14,15 : 0.8 ; 0,8,9,10,11,12,13,14,15 : 0.8 ; 0,1,2,3,4,5,8,9,10,11,12,13,14,15 : 1.6 ; 0,1,2,3,4,5,8,9,10,11,12,13,14,15 : 1.6 ; 0,1,2,3,4,5,8,9,10,11,12,13,14,15 : 1.6 ; 0,1,2,3,4,5,6,7,8,9,10,11,12,13,14,15 : 2.66666666666667 ; 0,8 : 0.233333333333333 ; 0,8 : 0.233333333333333 ; 0,8,9,10,11,12 : 0.333333333333333 ; 0,8,9,10,11,12 : 0.333333333333333 ; 0,8,9,10,11,12 : 0.333333333333333 ; 0,8,9,10,11,12 : 0.333333333333333 ; 0,8,9,10,11,12,13,14 : 0.533333333333333 }
{ 0,8 : 0.133333333333333 ; 0,8,9,10,11,12,13,14,15 : 0.933333333333333 ; 0,8,9,10,11,12,13,14,15 : 0.933333333333333 ; 0,8,9,10,11,12,13,14,15 : 1.06666666666667 ; 0,8,9,10,11,12,13,14,15 : 1.06666666666667 ; 0,1,2,3,4,5,8,9,10,11,12,13,14,15 : 1.6 ; 0,1,2,3,4,5,6,8,9,10,11,12,13,14,15 : 2.13333333333333 ; 0,1,2,3,4,5,6,7,8,9,10,11,12,13,14,15 : 2.66666666666667 ; 0,8 : 0.133333333333333 ; 0,8 : 0.133333333333333 ; 0,8,9,10 : 0.166666666666667 ; 0,8,9,10 : 0.233333333333333 ; 0,8,9,10 : 0.233333333333333 ; 0,8,9,10 : 0.4 ; 0,8,9,10,11,12 : 0.466666666666667 ; 0,8,9,10,11,12 : 0.533333333333333 }
{ 0,8,9,10,11,12,13,14,15 : 1.33333333333333 ; 0,8,9,10,11,12,13,14,15 : 1.33333333333333 ; 0,1,2,3,4,5,8,9,10,11,12,13,14,15 : 2.13333333333333 ; 0,1,2,3,4,5,8,9,10,11,12,13,14,15 : 2.66666666666667 ; 0,1,2,3,4,5,6,7,8,9,10,11,12,13,14,15 : 3.2 ; 0,1,2,3,4,5,6,7,8,9,10,11,12,13,14,15 : 3.2 ; 0,1,2,3,4,5,6,7,8,9,10,11,12,13,14,15 : 3.2 ; 0,8,9,10 : 0.4 ; 0,8,9,10 : 0.466666666666667 ; 0,8,9,10,11,12 : 0.666666666666667 ; 0,8,9,10,11,12 : 0.933333333333333 }
