10 4
{ 0,1 : 0.466666666666667 ; 0,1 : 0.6 ; 0,1 : 1.06666666666667 ; 0,1,2,3 : 3.2 }
{ 0,1 : 0.266666666666667 ; 0,1 : 0.533333333333333 ; 0,1 : 1.6 ; 0,1 : 1.86666666666667 }
{ 0,1 : 0.466666666666667 ; 0,1 : 0.8 ; 0,1 : 1.06666666666667 ; 0,1,2,3 : 2.13333333333333 }
{ 0,1 : 0.466666666666667 ; 0,1 : 0.666666666666667 ; 0,1,2 : 1.2 ; 0,1,2,3 : 2.13333333333333 }
{ 0,1 : 0.266666666666667 ; 0,1 : 0.866666666666667 ; 0,1 : 1.73333333333333 ; 0,1,2,3 : 2.13333333333333 }
{ 0,1 : 0.666666666666667 ; 0,1,2 : 1.2 ; 0,1,2,3 : 2.13333333333333 ; 0,1,2,3 : 2.66666666666667 }
{ 0,1 : 0.466666666666667 ; 0,1,2 : 1.33333333333333 ; 0,1,2 : 2.4 ; 0,1,2 : 2.4 }
{ 0,1 : 0.4 ; 0,1 : 0.933333333333333 ; 0,1 : 1.6 ; 0,1,2,3 : 3.2 }
{ 0,1 : 0.366666666666667 ; 0,1 : 0.533333333333333 ; 0,1 : 0.933333333333333 ; 0,1,2,3 : 2.13333333333333 }
{ 0,1 : 0.233333333333333 ; 0,1 : 0.466666666666667 ; 0,1,2,3 : 1.33333333333333 ; 0,1,2,3 : 1.6 }
